0.134780563083719
-0.264252305169325
0.0936250338735018
-0.156611119993762
0.0485182815626271
0.570600717284343
-0.309701223959352
-0.00955661440471433
0.570477795219576
0.271616621079335
-0.565625135215203
-0.140839127808505
-0.0535192322017527
-0.11928690233971
-0.483280675512948
0.255400926275658
0.584937051897148
-0.427660918541611
0.662002403542414
-0.398605290045719
-0.248306401220282
0.00565876497144112
-0.0536760147723555
-0.0482080499115662
0.0751368980094952
0.136682453889934
0.0816962889053355
0.491983835643297
-0.599215130544784
-0.216965494066916
-0.735742550188815
-0.225798121140584
0.298078407145348
-0.0429561132992918
-0.203801029165783
0.0473356668944997
-0.222455283054597
-0.117870538016788
0.295112762274214
-0.502345825073441
0.120185732869241
0.0489182866115427
-0.582528556294088
-0.640765400768633
0.179980660261405